0 0
0 459365
235662 459365
235662 523266
351245 523266
351245 442037
667386 442037
667386 523266
978793 523266
978793 782690
1161384 782690
1161384 791123
799724 791123
799724 1135134
869291 1135134
869291 1313074
1161384 1313074
1161384 1564859
1503961 1564859
1503961 1632561
1540980 1632561
1540980 1535417
1456815 1535417
1456815 1356617
1392830 1356617
1392830 1134478
1456815 1134478
1456815 941459
1540980 941459
1540980 846582
1782460 846582
1782460 1122731
2020719 1122731
2020719 846582
2046771 846582
2046771 1027486
2210622 1027486
2210622 1234944
2048794 1234944
2048794 1243252
1648536 1243252
1648536 1550079
1865525 1550079
1865525 1975465
2147384 1975465
2147384 1550079
2210622 1550079
2210622 1632561
2413693 1632561
2413693 1564859
2803237 1564859
2803237 1506429
2802386 1506429
2802386 1424053
2423050 1424053
2423050 1364562
2393737 1364562
2393737 964509
2338025 964509
2338025 885194
2424504 885194
2424504 815959
2803237 815959
2803237 782690
3188199 782690
3188199 1058704
3431196 1058704
3431196 1207145
3667207 1207145
3667207 1251022
3814696 1251022
3814696 1407489
4080395 1407489
4080395 1593037
4262557 1593037
4262557 1710762
4350037 1710762
4350037 1737746
4529364 1737746
4529364 1896936
4546369 1896936
4546369 2068297
4141829 2068297
4141829 2075220
3956510 2075220
3956510 2309414
4079312 2309414
4079312 2600877
4276713 2600877
4276713 2152813
4419403 2152813
4419403 2177139
4599315 2177139
4599315 2578324
4758480 2578324
4758480 2600877
4758927 2600877
4758927 3001313
4602281 3001313
4602281 3045746
4408770 3045746
4408770 2958398
3999330 2958398
3999330 3045746
3956510 3045746
3956510 3330237
3725424 3330237
3725424 3451802
3387298 3451802
3387298 3682282
3259950 3682282
3259950 3997377
3381238 3997377
3381238 4018459
3771584 4018459
3771584 3997377
3878698 3997377
3878698 4050744
4184607 4050744
4184607 4275479
4546369 4275479
4546369 4424131
4895848 4424131
4895848 4675539
5065285 4675539
5065285 4726403
5186469 4726403
5186469 4706657
5196335 4706657
5196335 4272999
5480569 4272999
5480569 4226552
5483436 4226552
5483436 4143166
5549219 4143166
5549219 3993622
5593140 3993622
5593140 3604278
5637824 3604278
5637824 3476493
5957079 3476493
5957079 3343616
6093776 3343616
6093776 3191418
6262114 3191418
6262114 2851623
6093776 2851623
6093776 2574168
5957079 2574168
5957079 2181605
6070364 2181605
6070364 1838079
6381479 1838079
6381479 1667527
6382116 1667527
6382116 1370661
6504161 1370661
6504161 1144839
6906995 1144839
6906995 911710
7123432 911710
7123432 568326
7243790 568326
7243790 636561
7308357 636561
7308357 896604
7694345 896604
7694345 636561
7826427 636561
7826427 747080
8145154 747080
8145154 911710
8327447 911710
8327447 782690
8494201 782690
8494201 416745
8767714 416745
8767714 782690
8873742 782690
8873742 660144
9127715 660144
9127715 352662
9490626 352662
9490626 204297
9366052 204297
9366052 273158
9142535 273158
9142535 204297
8954916 204297
8954916 -10049
8947074 -10049
8947074 -192443
8490413 -192443
8490413 -446438
8899968 -446438
8899968 -662589
9177257 -662589
9177257 -826801
9510871 -826801
9510871 -1048529
9856685 -1048529
9856685 -1264508
10025291 -1264508
10025291 -1481227
9788782 -1481227
9788782 -1486874
9645447 -1486874
9645447 -1695613
9522690 -1695613
9522690 -1766234
9810540 -1766234
9810540 -2212736
9522690 -2212736
9522690 -2272975
9476352 -2272975
9476352 -1990926
9294372 -1990926
9294372 -1908437
8950116 -1908437
8950116 -1695613
8733385 -1695613
8733385 -1486874
8490413 -1486874
8490413 -1786198
8380709 -1786198
8380709 -2056269
8225735 -2056269
8225735 -2314456
8037173 -2314456
8037173 -2077595
7924108 -2077595
7924108 -1786198
7913044 -1786198
7913044 -1712815
7900645 -1712815
7900645 -1330133
7884393 -1330133
7884393 -1187630
8122496 -1187630
8122496 -908857
7884393 -908857
7884393 -791196
7900645 -791196
7900645 -727420
7860810 -727420
7860810 -775765
7790846 -775765
7790846 -416381
7492827 -416381
7492827 -509805
7332238 -509805
7332238 -775765
7202193 -775765
7202193 -945180
7182489 -945180
7182489 -1082695
7026293 -1082695
7026293 -1090269
6974112 -1090269
6974112 -1351504
7026293 -1351504
7026293 -1577374
6917126 -1577374
6917126 -1150139
6687268 -1150139
6687268 -1397820
6421509 -1397820
6421509 -1577374
6149414 -1577374
6149414 -1786198
6000481 -1786198
6000481 -1881321
5915477 -1881321
5915477 -2212704
5540596 -2212704
5540596 -1881321
5493114 -1881321
5493114 -2147263
5383144 -2147263
5383144 -2311703
5740589 -2311703
5740589 -2661243
5383144 -2661243
5383144 -2688814
5373273 -2688814
5373273 -2922339
5175958 -2922339
5175958 -2757050
4884338 -2757050
4884338 -2566315
5175958 -2566315
5175958 -2360514
5092350 -2360514
5092350 -2404534
5087194 -2404534
5087194 -2501537
4764363 -2501537
4764363 -2922339
4731883 -2922339
4731883 -3020740
4676366 -3020740
4676366 -3263324
4298301 -3263324
4298301 -3455098
4252701 -3455098
4252701 -3594916
4644046 -3594916
4644046 -3750523
4252701 -3750523
4252701 -3973707
4298301 -3973707
4298301 -4000638
4599396 -4000638
4599396 -4421058
4655330 -4421058
4655330 -4592596
4925360 -4592596
4925360 -4610868
5186720 -4610868
5186720 -4903078
5230533 -4903078
5230533 -5132761
5493114 -5132761
5493114 -5426432
5106675 -5426432
5106675 -5449968
4739630 -5449968
4739630 -5614210
4601897 -5614210
4601897 -5691447
4326571 -5691447
4326571 -5793099
4065787 -5793099
4065787 -6055575
4326571 -6055575
4326571 -6338532
4196886 -6338532
4196886 -6343258
4165637 -6343258
4165637 -6690402
4381980 -6690402
4381980 -6927766
4647371 -6927766
4647371 -7172562
5106675 -7172562
5106675 -7378505
4839654 -7378505
4839654 -7726312
4839929 -7726312
4839929 -7864736
5189395 -7864736
5189395 -8120819
5670610 -8120819
5670610 -7864736
5834288 -7864736
5834288 -8135219
5371454 -8135219
5371454 -8230246
5091048 -8230246
5091048 -8135219
4839654 -8135219
4839654 -8446871
4502262 -8446871
4502262 -8475245
4266204 -8475245
4266204 -8702664
4087891 -8702664
4087891 -8434503
4116082 -8434503
4116082 -8342460
4284602 -8342460
4284602 -8312325
4459922 -8312325
4459922 -8342460
4736343 -8342460
4736343 -8434503
4792189 -8434503
4792189 -8192719
4512652 -8192719
4512652 -8166181
4350196 -8166181
4350196 -7700681
4220983 -7700681
4220983 -8136468
4146955 -8136468
4146955 -8192719
4087891 -8192719
4087891 -7952089
4001276 -7952089
4001276 -8046221
3867604 -8046221
3867604 -8338528
4001276 -8338528
4001276 -8474629
3752385 -8474629
3752385 -8702664
3461168 -8702664
3461168 -8707936
3402731 -8707936
3402731 -8555756
3300515 -8555756
3300515 -8375005
2908159 -8375005
2908159 -8105616
2830658 -8105616
2830658 -8271213
2492442 -8271213
2492442 -8105616
2297935 -8105616
2297935 -8375005
2052593 -8375005
2052593 -8055604
2281914 -8055604
2281914 -7891207
2360297 -7891207
2360297 -7620161
2281914 -7620161
2281914 -7516069
2299268 -7516069
2299268 -7334984
2454269 -7334984
2454269 -7127771
2616601 -7127771
2616601 -7334984
2840662 -7334984
2840662 -7516069
2884928 -7516069
2884928 -7322307
3300515 -7322307
3300515 -7193286
2865560 -7193286
2865560 -6986460
2767586 -6986460
2767586 -6682845
2997666 -6682845
2997666 -6787982
3011717 -6787982
3011717 -6423619
3200346 -6423619
3200346 -6539526
3492421 -6539526
3492421 -6787982
3781407 -6787982
3781407 -6682845
3893618 -6682845
3893618 -6260895
3629496 -6260895
3629496 -5889412
3529089 -5889412
3529089 -6275870
3362953 -6275870
3362953 -6018128
2955284 -6018128
2955284 -5889412
2856846 -5889412
2856846 -6260895
2767586 -6260895
2767586 -6115735
2555581 -6115735
2555581 -5836430
2767586 -5836430
2767586 -5746631
2632219 -5746631
2632219 -5724240
2462294 -5724240
2462294 -5424419
2322330 -5424419
2322330 -5481550
1968999 -5481550
1968999 -5424419
1884432 -5424419
1884432 -5364421
1813732 -5364421
1813732 -5089217
1383328 -5089217
1383328 -4826470
1172533 -4826470
1172533 -4685192
874363 -4685192
874363 -4402238
719123 -4402238
719123 -4763614
414271 -4763614
414271 -4402238
100182 -4402238
100182 -4029994
0 -4029994
0 -3803282
233801 -3803282
233801 -3789706
430058 -3789706
430058 -3706805
354260 -3706805
354260 -3516334
378583 -3516334
378583 -3360617
354260 -3360617
354260 -3134135
430058 -3134135
430058 -3072456
472261 -3072456
472261 -3173711
749528 -3173711
749528 -3411943
449335 -3411943
449335 -3596416
749528 -3596416
749528 -3803282
1007965 -3803282
1007965 -3428393
810165 -3428393
810165 -3180117
941759 -3180117
941759 -3153984
1397230 -3153984
1397230 -3139535
1136687 -3139535
1136687 -2714130
941759 -2714130
941759 -2638816
810165 -2638816
810165 -2457860
1007965 -2457860
1007965 -2075732
914926 -2075732
914926 -1584316
772535 -1584316
772535 -1551503
557141 -1551503
557141 -1496733
457414 -1496733
457414 -1551503
216106 -1551503
216106 -1428885
0 -1428885
0 -1087301
-336852 -1087301
-336852 -1277117
-809752 -1277117
-809752 -1289265
-480080 -1289265
-480080 -1391514
-334427 -1391514
-334427 -1289265
-55823 -1289265
-55823 -1429518
-134880 -1429518
-134880 -1602582
-488092 -1602582
-488092 -1801819
-806499 -1801819
-806499 -1828263
-809752 -1828263
-809752 -2268746
-911635 -2268746
-911635 -2055249
-965076 -2055249
-965076 -1692696
-1169894 -1692696
-1169894 -1548689
-1386682 -1548689
-1386682 -1467513
-1607269 -1467513
-1607269 -1087301
-1662190 -1087301
-1662190 -721779
-1750385 -721779
-1750385 -630477
-1666857 -630477
-1666857 -467586
-1499057 -467586
-1499057 -252118
-1213978 -252118
-1213978 0
-944721 0
-944721 110782
-1056046 110782
-1056046 333931
-1523032 333931
-1523032 440754
-1410344 440754
-1410344 907657
-1401254 907657
-1401254 730892
-1098917 730892
-1098917 463826
-1072074 463826
-1072074 440754
-944721 440754
-944721 626402
-919780 626402
-919780 678196
-564364 678196
-564364 649420
-350303 649420
-350303 580701
-308266 580701
-308266 321952
-32464 321952
-32464 138303
-674 138303
-674 0
0 0
